16
4 5 7 8 5 3 7 1 3 7 9 0 0 9 8 9 
2 5 1 8 0 2 4 5 2 5 9 6 5 8 3 6 
6 8 6 0 4 4 3 2 1 6 7 9 4 0 1 3 
0 9 2 9 3 0 8 7 5 6 0 6 9 2 6 6 
3 3 2 0 4 4 4 9 0 3 6 3 3 9 4 7 
9 3 2 0 6 6 2 4 9 3 7 3 0 8 7 4 
6 0 1 6 0 7 0 1 9 2 2 1 4 3 7 3 
2 2 6 2 2 0 9 8 1 5 8 9 8 2 4 4 
3 1 7 2 5 0 7 5 0 6 3 0 5 0 4 0 
4 6 1 7 6 1 5 9 4 1 1 2 1 4 9 3 
2 1 8 8 4 0 2 8 0 4 1 3 9 5 3 8 
5 3 8 8 4 4 3 0 3 9 3 8 8 5 0 6 
8 1 6 6 4 5 1 4 7 7 6 6 8 4 4 7 
6 4 3 1 1 3 5 3 7 0 7 4 2 1 3 9 
6 0 9 6 0 8 2 1 8 6 5 9 0 3 9 8 
7 2 9 0 6 1 7 0 0 9 5 9 9 9 0 6 
